 -0.49500000476837158        1.0000000000000000        0.0000000000000000        3.0000000000000000     
 -0.49000000953674316        1.0000000000000000        0.0000000000000000        3.0000000000000000     
 -0.48500001430511475        1.0000000000000000        0.0000000000000000        3.0000000000000000     
 -0.47999998927116394        1.0000000000000000        0.0000000000000000        3.0000000000000000     
 -0.47499999403953552        1.0000000000000000        0.0000000000000000        3.0000000000000000     
 -0.46999999880790710        1.0000000000000000        0.0000000000000000        3.0000000000000000     
 -0.46500000357627869        1.0000000000000000        0.0000000000000000        3.0000000000000000     
 -0.46000000834465027        1.0000000000000000        0.0000000000000000        3.0000000000000000     
 -0.45500001311302185        1.0000000000000000        0.0000000000000000        3.0000000000000000     
 -0.44999998807907104        1.0000000000000000        0.0000000000000000        3.0000000000000000     
 -0.44499999284744263        1.0000000000000000        0.0000000000000000        3.0000000000000000     
 -0.43999999761581421        1.0000000000000000        0.0000000000000000        3.0000000000000000     
 -0.43500000238418579        1.0000000000000000        0.0000000000000000        3.0000000000000000     
 -0.43000000715255737        1.0000000000000000        0.0000000000000000        3.0000000000000000     
 -0.42500001192092896        1.0000000000000000        0.0000000000000000        3.0000000000000000     
 -0.42000001668930054        1.0000000000000000        0.0000000000000000        3.0000000000000000     
 -0.41499999165534973        1.0000000000000000        0.0000000000000000        3.0000000000000000     
 -0.40999999642372131        1.0000000000000000        0.0000000000000000        3.0000000000000000     
 -0.40500000119209290        1.0000000000000000        0.0000000000000000        3.0000000000000000     
 -0.40000000596046448       0.99536318879796337        1.0384291622907103E-002   2.9768517958433454     
 -0.39500001072883606       0.98610393106221039        3.1217605088025287E-002   2.9308419890960380     
 -0.38999998569488525       0.97690221960386348        5.2051042729487011E-002   2.8854025768867082     
 -0.38499999046325684       0.96775798438982996        7.2884356194605524E-002   2.8405287758349282     
 -0.37999999523162842       0.95867099067782457        9.3717669659723710E-002   2.7962150216052866     
 -0.37500000000000000       0.94964105874324778       0.11455098312484223        2.7524560555222308     
 -0.37000000476837158       0.94066800886149937       0.13538429658996073        2.7092466519320029     
 -0.36500000953674316       0.93175166130797982       0.15621761005507892        2.6665816180986419     
 -0.36000001430511475       0.92289183635808980       0.17705092352019744        2.6244557940999709     
 -0.35500001907348633       0.91408835428722890       0.19788423698531596        2.5828640527235862     
 -0.35000002384185791       0.90534103537079769       0.21871755045043431        2.5418012993628594     
 -0.34499999880790710       0.89664964824623827       0.23955098809189604        2.5012622318338749     
 -0.34000000357627869       0.88801411679694831       0.26038430155701436        2.4612423036655620     
 -0.33500000834465027       0.87943420932721716       0.28121761502213272        2.4217362742578770     
 -0.32999998331069946       0.87090969546751817       0.30205105266359444        2.3827389474533036     
 -0.32499998807907104       0.86244049711197335       0.32288436612871296        2.3442458549717724     
 -0.31999999284744263       0.85402638356111726       0.34371767959383132        2.3062518617046686     
 -0.31499999761581421       0.84566717509035061       0.36455099305894967        2.2687520983739375     
 -0.31000000238418579       0.83736269197507296       0.38538430652406819        2.2317417274752342     
 -0.30500000715255737       0.82911275449068489       0.40621761998918654        2.1952159431739240     
 -0.30000001192092896       0.82091718291258708       0.42705093345430489        2.1591699712010679     
 -0.29500001668930054       0.81277579751617901       0.44788424691942341        2.1235990687494168     
 -0.29000002145767212       0.80468841857686135       0.46871756038454176        2.0884985243694096     
 -0.28500002622604370       0.79665486637003458       0.48955087384966012        2.0538636578651608     
 -0.28000000119209290       0.78867491376663623       0.51038431149112184        2.0196896178631043     
 -0.27500000596046448       0.78074847616914589       0.53121762495624014        1.9859721937241059     
 -0.27000001072883606       0.77287532612927567       0.55205093842135866        1.9527065933279499     
 -0.26499998569488525       0.77203123419917119       0.55429289205499932        1.9491534895240517     
 -0.25999999046325684       0.77203123419917119       0.55429289205499932        1.9491534895240517     
 -0.25499999523162842       0.77203123419917119       0.55429289205499932        1.9491534895240517     
 -0.25000000000000000       0.77203123419917119       0.55429289205499932        1.9491534895240517     
 -0.24500000476837158       0.77203123419917119       0.55429289205499932        1.9491534895240517     
 -0.24000000953674316       0.77203123419917119       0.55429289205499932        1.9491534895240517     
 -0.23500001430511475       0.77203123419917119       0.55429289205499932        1.9491534895240517     
 -0.23000001907348633       0.77203123419917119       0.55429289205499932        1.9491534895240517     
 -0.22499999403953552       0.77203123419917119       0.55429289205499932        1.9491534895240517     
 -0.21999999880790710       0.77203123419917119       0.55429289205499932        1.9491534895240517     
 -0.21500000357627869       0.77203123419917119       0.55429289205499932        1.9491534895240517     
 -0.21000000834465027       0.77203123419917119       0.55429289205499932        1.9491534895240517     
 -0.20500001311302185       0.77203123419917119       0.55429289205499932        1.9491534895240517     
 -0.20000001788139343       0.77203123419917119       0.55429289205499932        1.9491534895240517     
 -0.19499999284744263       0.77203123419917119       0.55429289205499932        1.9491534895240517     
 -0.18999999761581421       0.77203123419917119       0.55429289205499932        1.9491534895240517     
 -0.18500000238418579       0.77203123419917119       0.55429289205499932        1.9491534895240517     
 -0.18000000715255737       0.77203123419917119       0.55429289205499932        1.9491534895240517     
 -0.17500001192092896       0.77203123419917119       0.55429289205499932        1.9491534895240517     
 -0.17000001668930054       0.77203123419917119       0.55429289205499932        1.9491534895240517     
 -0.16500002145767212       0.77203123419917119       0.55429289205499932        1.9491534895240517     
 -0.15999999642372131       0.77203123419917119       0.55429289205499932        1.9491534895240517     
 -0.15500000119209290       0.77203123419917119       0.55429289205499932        1.9491534895240517     
 -0.15000000596046448       0.77203123419917119       0.55429289205499932        1.9491534895240517     
 -0.14500001072883606       0.77203123419917119       0.55429289205499932        1.9491534895240517     
 -0.14000001549720764       0.77203123419917119       0.55429289205499932        1.9491534895240517     
 -0.13500002026557922       0.77203123419917119       0.55429289205499932        1.9491534895240517     
 -0.12999999523162842       0.77203123419917119       0.55429289205499932        1.9491534895240517     
 -0.12500000000000000       0.77203123419917119       0.55429289205499932        1.9491534895240517     
 -0.12000000476837158       0.77203123419917119       0.55429289205499932        1.9491534895240517     
 -0.11500000953674316       0.77203123419917119       0.55429289205499932        1.9491534895240517     
 -0.11000001430511475       0.77203123419917119       0.55429289205499932        1.9491534895240517     
 -0.10500001907348633       0.77203123419917119       0.55429289205499932        1.9491534895240517     
 -0.10000002384185791       0.77203123419917119       0.55429289205499932        1.9491534895240517     
  -9.4999998807907104E-002  0.77203123419917119       0.55429289205499932        1.9491534895240517     
  -9.0000003576278687E-002  0.77203123419917119       0.55429289205499932        1.9491534895240517     
  -8.5000008344650269E-002  0.77203123419917119       0.55429289205499932        1.9491534895240517     
  -8.0000013113021851E-002  0.77203123419917119       0.55429289205499932        1.9491534895240517     
  -7.5000017881393433E-002  0.77203123419917119       0.55429289205499932        1.9491534895240517     
  -7.0000022649765015E-002  0.77203123419917119       0.55429289205499932        1.9491534895240517     
  -6.4999997615814209E-002  0.77203123419917119       0.55429289205499932        1.9491534895240517     
  -6.0000002384185791E-002  0.77203123419917119       0.55429289205499932        1.9491534895240517     
  -5.5000007152557373E-002  0.77203123419917119       0.55429289205499932        1.9491534895240517     
  -5.0000011920928955E-002  0.77203123419917119       0.55429289205499932        1.9491534895240517     
  -4.5000016689300537E-002  0.77203123419917119       0.55429289205499932        1.9491534895240517     
  -4.0000021457672119E-002  0.77203123419917119       0.55429289205499932        1.9491534895240517     
  -3.4999996423721313E-002  0.77203123419917119       0.55429289205499932        1.9491534895240517     
  -3.0000001192092896E-002  0.77203123419917119       0.55429289205499932        1.9491534895240517     
  -2.5000005960464478E-002  0.77203123419917119       0.55429289205499932        1.9491534895240517     
  -2.0000010728836060E-002  0.77203123419917119       0.55429289205499932        1.9491534895240517     
  -1.5000015497207642E-002  0.77203123419917119       0.55429289205499932        1.9491534895240517     
  -1.0000020265579224E-002  0.77203123419917119       0.55429289205499932        1.9491534895240517     
  -5.0000250339508057E-003  0.77203123419917119       0.55429289205499932        1.9491534895240517     
   0.0000000000000000       0.77203123419917119       0.55429289205499932        1.9491534895240517     
   4.9999952316284180E-003  0.77203123419917119       0.55429289205499932        1.9491534895240517     
   9.9999904632568359E-003  0.77203123419917119       0.55429289205499932        1.9491534895240517     
   1.4999985694885254E-002  0.77203123419917119       0.55429289205499932        1.9491534895240517     
   1.9999980926513672E-002  0.77203123419917119       0.55429289205499932        1.9491534895240517     
   2.4999976158142090E-002  0.77203123419917119       0.55429289205499932        1.9491534895240517     
   2.9999971389770508E-002  0.77203123419917119       0.55429289205499932        1.9491534895240517     
   3.4999966621398926E-002  0.77203123419917119       0.55429289205499932        1.9491534895240517     
   3.9999961853027344E-002  0.77203123419917119       0.55429289205499932        1.9491534895240517     
   4.5000016689300537E-002  0.77203123419917119       0.55429289205499932        1.9491534895240517     
   5.0000011920928955E-002  0.77203123419917119       0.55429289205499932        1.9491534895240517     
   5.5000007152557373E-002  0.77203123419917119       0.55429289205499932        1.9491534895240517     
   6.0000002384185791E-002  0.77203123419917119       0.55429289205499932        1.9491534895240517     
   6.4999997615814209E-002  0.77203123419917119       0.55429289205499932        1.9491534895240517     
   6.9999992847442627E-002  0.77203123419917119       0.55429289205499932        1.9491534895240517     
   7.4999988079071045E-002  0.77203123419917119       0.55429289205499932        1.9491534895240517     
   7.9999983310699463E-002  0.77203123419917119       0.55429289205499932        1.9491534895240517     
   8.4999978542327881E-002  0.77203123419917119       0.55429289205499932        1.9491534895240517     
   8.9999973773956299E-002  0.77203123419917119       0.55429289205499932        1.9491534895240517     
   9.4999969005584717E-002  0.77203123419917119       0.55429289205499932        1.9491534895240517     
   9.9999964237213135E-002   1.4786328800536561       0.55429289205499532        1.9491534895240517     
  0.10499995946884155        1.4786328800536561       0.55429289205499532        1.9491534895240517     
  0.11000001430511475        1.4786328800536561       0.55429289205499532        1.9491534895240517     
  0.11500000953674316        1.4786328800536561       0.55429289205499532        1.9491534895240517     
  0.12000000476837158        1.4786328800536561       0.55429289205499532        1.9491534895240517     
  0.12500000000000000        1.4786328800536561       0.55429289205499532        1.9491534895240517     
  0.12999999523162842        1.4786328800536561       0.55429289205499532        1.9491534895240517     
  0.13499999046325684        1.4786328800536561       0.55429289205499532        1.9491534895240517     
  0.13999998569488525        1.4786328800536561       0.55429289205499532        1.9491534895240517     
  0.14499998092651367        1.4786328800536561       0.55429289205499532        1.9491534895240517     
  0.14999997615814209        1.4786328800536561       0.55429289205499532        1.9491534895240517     
  0.15499997138977051        1.4786328800536561       0.55429289205499532        1.9491534895240517     
  0.15999996662139893        1.4786328800536561       0.55429289205499532        1.9491534895240517     
  0.16499996185302734        1.4786328800536561       0.55429289205499532        1.9491534895240517     
  0.16999995708465576        1.4786328800536561       0.55429289205499532        1.9491534895240517     
  0.17500001192092896        1.4786328800536561       0.55429289205499532        1.9491534895240517     
  0.18000000715255737        1.4786328800536561       0.55429289205499532        1.9491534895240517     
  0.18500000238418579        1.4786328800536561       0.55429289205499532        1.9491534895240517     
  0.18999999761581421        1.4786328800536561       0.55429289205499532        1.9491534895240517     
  0.19499999284744263        1.4786328800536561       0.55429289205499532        1.9491534895240517     
  0.19999998807907104        1.4786328800536561       0.55429289205499532        1.9491534895240517     
  0.20499998331069946        1.4786328800536561       0.55429289205499532        1.9491534895240517     
  0.20999997854232788        1.4786328800536561       0.55429289205499532        1.9491534895240517     
  0.21499997377395630        1.4786328800536561       0.55429289205499532        1.9491534895240517     
  0.21999996900558472        1.4786328800536561       0.55429289205499532        1.9491534895240517     
  0.22499996423721313        1.4786328800536561       0.55429289205499532        1.9491534895240517     
  0.22999995946884155        1.4786328800536561       0.55429289205499532        1.9491534895240517     
  0.23499995470046997        1.4786328800536561       0.55429289205499532        1.9491534895240517     
  0.24000000953674316        1.4786328800536561       0.55429289205499532        1.9491534895240517     
  0.24500000476837158        1.4786328800536561       0.55429289205499532        1.9491534895240517     
  0.25000000000000000        1.4786328800536561       0.55429289205499532        1.9491534895240517     
  0.25499999523162842        1.4786328800536561       0.55429289205499532        1.9491534895240517     
  0.25999999046325684        1.4786328800536561       0.55429289205499532        1.9491534895240517     
  0.26499998569488525        1.4786328800536561       0.55429289205499532        1.9491534895240517     
  0.26999998092651367        1.4786328800536561       0.55429289205499532        1.9491534895240517     
  0.27499997615814209        1.4786328800536561       0.55429289205499532        1.9491534895240517     
  0.27999997138977051        1.4786328800536561       0.55429289205499532        1.9491534895240517     
  0.28499996662139893        1.4786328800536561       0.55429289205499532        1.9491534895240517     
  0.28999996185302734        1.4786328800536561       0.55429289205499532        1.9491534895240517     
  0.29499995708465576        1.4786328800536561       0.55429289205499532        1.9491534895240517     
  0.29999995231628418        1.4786328800536561       0.55429289205499532        1.9491534895240517     
  0.30500000715255737        1.4786328800536561       0.55429289205499532        1.9491534895240517     
  0.31000000238418579        1.0000000000000000        0.0000000000000000        1.0000000000000000     
  0.31499999761581421        1.0000000000000000        0.0000000000000000        1.0000000000000000     
  0.31999999284744263        1.0000000000000000        0.0000000000000000        1.0000000000000000     
  0.32499998807907104        1.0000000000000000        0.0000000000000000        1.0000000000000000     
  0.32999998331069946        1.0000000000000000        0.0000000000000000        1.0000000000000000     
  0.33499997854232788        1.0000000000000000        0.0000000000000000        1.0000000000000000     
  0.33999997377395630        1.0000000000000000        0.0000000000000000        1.0000000000000000     
  0.34499996900558472        1.0000000000000000        0.0000000000000000        1.0000000000000000     
  0.34999996423721313        1.0000000000000000        0.0000000000000000        1.0000000000000000     
  0.35499995946884155        1.0000000000000000        0.0000000000000000        1.0000000000000000     
  0.35999995470046997        1.0000000000000000        0.0000000000000000        1.0000000000000000     
  0.36500000953674316        1.0000000000000000        0.0000000000000000        1.0000000000000000     
  0.37000000476837158        1.0000000000000000        0.0000000000000000        1.0000000000000000     
  0.37500000000000000        1.0000000000000000        0.0000000000000000        1.0000000000000000     
  0.37999999523162842        1.0000000000000000        0.0000000000000000        1.0000000000000000     
  0.38499999046325684        1.0000000000000000        0.0000000000000000        1.0000000000000000     
  0.38999998569488525        1.0000000000000000        0.0000000000000000        1.0000000000000000     
  0.39499998092651367        1.0000000000000000        0.0000000000000000        1.0000000000000000     
  0.39999997615814209        1.0000000000000000        0.0000000000000000        1.0000000000000000     
  0.40499997138977051        1.0000000000000000        0.0000000000000000        1.0000000000000000     
  0.40999996662139893        1.0000000000000000        0.0000000000000000        1.0000000000000000     
  0.41499996185302734        1.0000000000000000        0.0000000000000000        1.0000000000000000     
  0.41999995708465576        1.0000000000000000        0.0000000000000000        1.0000000000000000     
  0.42499995231628418        1.0000000000000000        0.0000000000000000        1.0000000000000000     
  0.43000000715255737        1.0000000000000000        0.0000000000000000        1.0000000000000000     
  0.43500000238418579        1.0000000000000000        0.0000000000000000        1.0000000000000000     
  0.43999999761581421        1.0000000000000000        0.0000000000000000        1.0000000000000000     
  0.44499999284744263        1.0000000000000000        0.0000000000000000        1.0000000000000000     
  0.44999998807907104        1.0000000000000000        0.0000000000000000        1.0000000000000000     
  0.45499998331069946        1.0000000000000000        0.0000000000000000        1.0000000000000000     
  0.45999997854232788        1.0000000000000000        0.0000000000000000        1.0000000000000000     
  0.46499997377395630        1.0000000000000000        0.0000000000000000        1.0000000000000000     
  0.46999996900558472        1.0000000000000000        0.0000000000000000        1.0000000000000000     
  0.47499996423721313        1.0000000000000000        0.0000000000000000        1.0000000000000000     
  0.47999995946884155        1.0000000000000000        0.0000000000000000        1.0000000000000000     
  0.48499995470046997        1.0000000000000000        0.0000000000000000        1.0000000000000000     
  0.48999994993209839        1.0000000000000000        0.0000000000000000        1.0000000000000000     
  0.49500000476837158        1.0000000000000000        0.0000000000000000        1.0000000000000000     
  0.50000000000000000        1.0000000000000000        0.0000000000000000        1.0000000000000000     
