 -0.49500000476837158        1.0000000000000000      -0.10000000000000001        1.0000000000000000     
 -0.49000000953674316        1.0000000000000000      -0.10000000000000001        1.0000000000000000     
 -0.48500001430511475        1.0000000000000000      -0.10000000000000001        1.0000000000000000     
 -0.47999998927116394        1.0000000000000000      -0.10000000000000001        1.0000000000000000     
 -0.47499999403953552        1.0000000000000000      -0.10000000000000001        1.0000000000000000     
 -0.46999999880790710        1.0000000000000000      -0.10000000000000001        1.0000000000000000     
 -0.46500000357627869        1.0000000000000000      -0.10000000000000001        1.0000000000000000     
 -0.46000000834465027        1.0000000000000000      -0.10000000000000001        1.0000000000000000     
 -0.45500001311302185        1.0000000000000000      -0.10000000000000001        1.0000000000000000     
 -0.44999998807907104        1.0000000000000000      -0.10000000000000001        1.0000000000000000     
 -0.44499999284744263        1.0000000000000000      -0.10000000000000001        1.0000000000000000     
 -0.43999999761581421        1.0000000000000000      -0.10000000000000001        1.0000000000000000     
 -0.43500000238418579        1.0000000000000000      -0.10000000000000001        1.0000000000000000     
 -0.43000000715255737        1.0000000000000000      -0.10000000000000001        1.0000000000000000     
 -0.42500001192092896        1.0000000000000000      -0.10000000000000001        1.0000000000000000     
 -0.42000001668930054        1.0000000000000000      -0.10000000000000001        1.0000000000000000     
 -0.41499999165534973        1.0000000000000000      -0.10000000000000001        1.0000000000000000     
 -0.40999999642372131        1.0000000000000000      -0.10000000000000001        1.0000000000000000     
 -0.40500000119209290        1.0000000000000000      -0.10000000000000001        1.0000000000000000     
 -0.40000000596046448        1.0000000000000000      -0.10000000000000001        1.0000000000000000     
 -0.39500001072883606        1.0000000000000000      -0.10000000000000001        1.0000000000000000     
 -0.38999998569488525        1.0000000000000000      -0.10000000000000001        1.0000000000000000     
 -0.38499999046325684        1.0000000000000000      -0.10000000000000001        1.0000000000000000     
 -0.37999999523162842        1.0000000000000000      -0.10000000000000001        1.0000000000000000     
 -0.37500000000000000        1.0000000000000000      -0.10000000000000001        1.0000000000000000     
 -0.37000000476837158        1.0000000000000000      -0.10000000000000001        1.0000000000000000     
 -0.36500000953674316        1.0000000000000000      -0.10000000000000001        1.0000000000000000     
 -0.36000001430511475        1.0000000000000000      -0.10000000000000001        1.0000000000000000     
 -0.35500001907348633        1.0000000000000000      -0.10000000000000001        1.0000000000000000     
 -0.35000002384185791        1.0000000000000000      -0.10000000000000001        1.0000000000000000     
 -0.34499999880790710        1.0000000000000000      -0.10000000000000001        1.0000000000000000     
 -0.34000000357627869        1.0000000000000000      -0.10000000000000001        1.0000000000000000     
 -0.33500000834465027        1.0000000000000000      -0.10000000000000001        1.0000000000000000     
 -0.32999998331069946        1.0000000000000000      -0.10000000000000001        1.0000000000000000     
 -0.32499998807907104        1.0000000000000000      -0.10000000000000001        1.0000000000000000     
 -0.31999999284744263        1.0000000000000000      -0.10000000000000001        1.0000000000000000     
 -0.31499999761581421        1.0000000000000000      -0.10000000000000001        1.0000000000000000     
 -0.31000000238418579        1.0000000000000000      -0.10000000000000001        1.0000000000000000     
 -0.30500000715255737        1.0000000000000000      -0.10000000000000001        1.0000000000000000     
 -0.30000001192092896        1.0000000000000000      -0.10000000000000001        1.0000000000000000     
 -0.29500001668930054        1.0000000000000000      -0.10000000000000001        1.0000000000000000     
 -0.29000002145767212        1.0000000000000000      -0.10000000000000001        1.0000000000000000     
 -0.28500002622604370        1.0000000000000000      -0.10000000000000001        1.0000000000000000     
 -0.28000000119209290        1.0000000000000000      -0.10000000000000001        1.0000000000000000     
 -0.27500000596046448        1.0000000000000000      -0.10000000000000001        1.0000000000000000     
 -0.27000001072883606        1.0000000000000000      -0.10000000000000001        1.0000000000000000     
 -0.26499998569488525        1.0000000000000000      -0.10000000000000001        1.0000000000000000     
 -0.25999999046325684        1.0000000000000000      -0.10000000000000001        1.0000000000000000     
 -0.25499999523162842        1.0000000000000000      -0.10000000000000001        1.0000000000000000     
 -0.25000000000000000        1.0000000000000000      -0.10000000000000001        1.0000000000000000     
 -0.24500000476837158        1.0000000000000000      -0.10000000000000001        1.0000000000000000     
 -0.24000000953674316        1.0000000000000000      -0.10000000000000001        1.0000000000000000     
 -0.23500001430511475        1.0000000000000000      -0.10000000000000001        1.0000000000000000     
 -0.23000001907348633        1.0000000000000000      -0.10000000000000001        1.0000000000000000     
 -0.22499999403953552        1.0000000000000000      -0.10000000000000001        1.0000000000000000     
 -0.21999999880790710        1.0000000000000000      -0.10000000000000001        1.0000000000000000     
 -0.21500000357627869        1.0000000000000000      -0.10000000000000001        1.0000000000000000     
 -0.21000000834465027        1.0000000000000000      -0.10000000000000001        1.0000000000000000     
 -0.20500001311302185        1.0000000000000000      -0.10000000000000001        1.0000000000000000     
 -0.20000001788139343        1.0000000000000000      -0.10000000000000001        1.0000000000000000     
 -0.19499999284744263        1.0000000000000000      -0.10000000000000001        1.0000000000000000     
 -0.18999999761581421        1.0000000000000000      -0.10000000000000001        1.0000000000000000     
 -0.18500000238418579        1.0000000000000000      -0.10000000000000001        1.0000000000000000     
 -0.18000000715255737        1.0000000000000000      -0.10000000000000001        1.0000000000000000     
 -0.17500001192092896        1.0000000000000000      -0.10000000000000001        1.0000000000000000     
 -0.17000001668930054        1.0000000000000000      -0.10000000000000001        1.0000000000000000     
 -0.16500002145767212        1.0000000000000000      -0.10000000000000001        1.0000000000000000     
 -0.15999999642372131        1.0000000000000000      -0.10000000000000001        1.0000000000000000     
 -0.15500000119209290        1.0000000000000000      -0.10000000000000001        1.0000000000000000     
 -0.15000000596046448        1.0000000000000000      -0.10000000000000001        1.0000000000000000     
 -0.14500001072883606        1.0000000000000000      -0.10000000000000001        1.0000000000000000     
 -0.14000001549720764        1.0000000000000000      -0.10000000000000001        1.0000000000000000     
 -0.13500002026557922       0.97637305428723187       -6.9254315439989972E-002  0.96093270698730027     
 -0.12999999523162842       0.94806300311114045       -3.1754127685358936E-002  0.91494572421631304     
 -0.12500000000000000       0.92030570946168166        5.7458365518541950E-003  0.87073672203251595     
 -0.12000000476837158       0.89309555657373707        4.3245800789067319E-002  0.82825337525327236     
 -0.11500000953674316       0.88825240486358326        5.0000000000001626E-002  0.82078104804557106     
 -0.11000001430511475       0.88825240486358326        5.0000000000001626E-002  0.82078104804557106     
 -0.10500001907348633       0.88825240486358326        5.0000000000001626E-002  0.82078104804557106     
 -0.10000002384185791       0.88825240486358326        5.0000000000001626E-002  0.82078104804557106     
  -9.4999998807907104E-002  0.88825240486358326        5.0000000000001626E-002  0.82078104804557106     
  -9.0000003576278687E-002  0.88825240486358326        5.0000000000001626E-002  0.82078104804557106     
  -8.5000008344650269E-002  0.88825240486358326        5.0000000000001626E-002  0.82078104804557106     
  -8.0000013113021851E-002  0.88825240486358326        5.0000000000001626E-002  0.82078104804557106     
  -7.5000017881393433E-002  0.88825240486358326        5.0000000000001626E-002  0.82078104804557106     
  -7.0000022649765015E-002  0.88825240486358326        5.0000000000001626E-002  0.82078104804557106     
  -6.4999997615814209E-002  0.88825240486358326        5.0000000000001626E-002  0.82078104804557106     
  -6.0000002384185791E-002  0.88825240486358326        5.0000000000001626E-002  0.82078104804557106     
  -5.5000007152557373E-002  0.88825240486358326        5.0000000000001626E-002  0.82078104804557106     
  -5.0000011920928955E-002  0.88825240486358326        5.0000000000001626E-002  0.82078104804557106     
  -4.5000016689300537E-002  0.88825240486358326        5.0000000000001626E-002  0.82078104804557106     
  -4.0000021457672119E-002  0.88825240486358326        5.0000000000001626E-002  0.82078104804557106     
  -3.4999996423721313E-002  0.88825240486358326        5.0000000000001626E-002  0.82078104804557106     
  -3.0000001192092896E-002  0.88825240486358326        5.0000000000001626E-002  0.82078104804557106     
  -2.5000005960464478E-002  0.88825240486358326        5.0000000000001626E-002  0.82078104804557106     
  -2.0000010728836060E-002  0.88825240486358326        5.0000000000001626E-002  0.82078104804557106     
  -1.5000015497207642E-002  0.88825240486358326        5.0000000000001626E-002  0.82078104804557106     
  -1.0000020265579224E-002  0.88825240486358326        5.0000000000001626E-002  0.82078104804557106     
  -5.0000250339508057E-003  0.88825240486358326        5.0000000000001626E-002  0.82078104804557106     
   0.0000000000000000       0.88825240486358326        5.0000000000001626E-002  0.82078104804557106     
   4.9999952316284180E-003  0.88825240486358326        5.0000000000001626E-002  0.82078104804557106     
   9.9999904632568359E-003  0.88825240486358326        5.0000000000001626E-002  0.82078104804557106     
   1.4999985694885254E-002  0.88825240486358326        5.0000000000001626E-002  0.82078104804557106     
   1.9999980926513672E-002  0.88825240486358326        5.0000000000001626E-002  0.82078104804557106     
   2.4999976158142090E-002  0.88825240486358326        5.0000000000001626E-002  0.82078104804557106     
   2.9999971389770508E-002  0.88825240486358326        5.0000000000001626E-002  0.82078104804557106     
   3.4999966621398926E-002  0.88825240486358326        5.0000000000001626E-002  0.82078104804557106     
   3.9999961853027344E-002  0.88825240486358326        5.0000000000001626E-002  0.82078104804557106     
   4.5000016689300537E-002  0.88825240486358326        5.0000000000001626E-002  0.82078104804557106     
   5.0000011920928955E-002  0.88825240486358326        5.0000000000001626E-002  0.82078104804557106     
   5.5000007152557373E-002  0.88825240486358326        5.0000000000001626E-002  0.82078104804557106     
   6.0000002384185791E-002  0.88825240486358326        5.0000000000001626E-002  0.82078104804557106     
   6.4999997615814209E-002  0.88825240486358326        5.0000000000001626E-002  0.82078104804557106     
   6.9999992847442627E-002  0.88825240486358326        5.0000000000001626E-002  0.82078104804557106     
   7.4999988079071045E-002  0.88825240486358326        5.0000000000001626E-002  0.82078104804557106     
   7.9999983310699463E-002  0.88825240486358326        5.0000000000001626E-002  0.82078104804557106     
   8.4999978542327881E-002  0.88825240486358326        5.0000000000001626E-002  0.82078104804557106     
   8.9999973773956299E-002  0.88825240486358326        5.0000000000001626E-002  0.82078104804557106     
   9.4999969005584717E-002  0.88825240486358326        5.0000000000001626E-002  0.82078104804557106     
   9.9999964237213135E-002  0.88825240486358326        5.0000000000001626E-002  0.82078104804557106     
  0.10499995946884155       0.88825240486358326        5.0000000000001626E-002  0.82078104804557106     
  0.11000001430511475       0.88825240486358326        5.0000000000001626E-002  0.82078104804557106     
  0.11500000953674316       0.88825240486358326        5.0000000000001626E-002  0.82078104804557106     
  0.12000000476837158       0.88825240486358326        5.0000000000001626E-002  0.82078104804557106     
  0.12500000000000000       0.88825240486358326        5.0000000000001626E-002  0.82078104804557106     
  0.12999999523162842       0.89309550519277259        5.6754127685358938E-002  0.82825329583576002     
  0.13499999046325684       0.92030565704232203        9.4254091922572059E-002  0.87073663937255485     
  0.13999998569488525       0.94806294964299764       0.13175405615978519       0.91494563821561548     
  0.14499998092651367       0.97637282936204794       0.16925402039699833       0.96093233804029399     
  0.14999997615814209        1.0000000000000000       0.20000000000000001        1.0000000000000000     
  0.15499997138977051        1.0000000000000000       0.20000000000000001        1.0000000000000000     
  0.15999996662139893        1.0000000000000000       0.20000000000000001        1.0000000000000000     
  0.16499996185302734        1.0000000000000000       0.20000000000000001        1.0000000000000000     
  0.16999995708465576        1.0000000000000000       0.20000000000000001        1.0000000000000000     
  0.17500001192092896        1.0000000000000000       0.20000000000000001        1.0000000000000000     
  0.18000000715255737        1.0000000000000000       0.20000000000000001        1.0000000000000000     
  0.18500000238418579        1.0000000000000000       0.20000000000000001        1.0000000000000000     
  0.18999999761581421        1.0000000000000000       0.20000000000000001        1.0000000000000000     
  0.19499999284744263        1.0000000000000000       0.20000000000000001        1.0000000000000000     
  0.19999998807907104        1.0000000000000000       0.20000000000000001        1.0000000000000000     
  0.20499998331069946        1.0000000000000000       0.20000000000000001        1.0000000000000000     
  0.20999997854232788        1.0000000000000000       0.20000000000000001        1.0000000000000000     
  0.21499997377395630        1.0000000000000000       0.20000000000000001        1.0000000000000000     
  0.21999996900558472        1.0000000000000000       0.20000000000000001        1.0000000000000000     
  0.22499996423721313        1.0000000000000000       0.20000000000000001        1.0000000000000000     
  0.22999995946884155        1.0000000000000000       0.20000000000000001        1.0000000000000000     
  0.23499995470046997        1.0000000000000000       0.20000000000000001        1.0000000000000000     
  0.24000000953674316        1.0000000000000000       0.20000000000000001        1.0000000000000000     
  0.24500000476837158        1.0000000000000000       0.20000000000000001        1.0000000000000000     
  0.25000000000000000        1.0000000000000000       0.20000000000000001        1.0000000000000000     
  0.25499999523162842        1.0000000000000000       0.20000000000000001        1.0000000000000000     
  0.25999999046325684        1.0000000000000000       0.20000000000000001        1.0000000000000000     
  0.26499998569488525        1.0000000000000000       0.20000000000000001        1.0000000000000000     
  0.26999998092651367        1.0000000000000000       0.20000000000000001        1.0000000000000000     
  0.27499997615814209        1.0000000000000000       0.20000000000000001        1.0000000000000000     
  0.27999997138977051        1.0000000000000000       0.20000000000000001        1.0000000000000000     
  0.28499996662139893        1.0000000000000000       0.20000000000000001        1.0000000000000000     
  0.28999996185302734        1.0000000000000000       0.20000000000000001        1.0000000000000000     
  0.29499995708465576        1.0000000000000000       0.20000000000000001        1.0000000000000000     
  0.29999995231628418        1.0000000000000000       0.20000000000000001        1.0000000000000000     
  0.30500000715255737        1.0000000000000000       0.20000000000000001        1.0000000000000000     
  0.31000000238418579        1.0000000000000000       0.20000000000000001        1.0000000000000000     
  0.31499999761581421        1.0000000000000000       0.20000000000000001        1.0000000000000000     
  0.31999999284744263        1.0000000000000000       0.20000000000000001        1.0000000000000000     
  0.32499998807907104        1.0000000000000000       0.20000000000000001        1.0000000000000000     
  0.32999998331069946        1.0000000000000000       0.20000000000000001        1.0000000000000000     
  0.33499997854232788        1.0000000000000000       0.20000000000000001        1.0000000000000000     
  0.33999997377395630        1.0000000000000000       0.20000000000000001        1.0000000000000000     
  0.34499996900558472        1.0000000000000000       0.20000000000000001        1.0000000000000000     
  0.34999996423721313        1.0000000000000000       0.20000000000000001        1.0000000000000000     
  0.35499995946884155        1.0000000000000000       0.20000000000000001        1.0000000000000000     
  0.35999995470046997        1.0000000000000000       0.20000000000000001        1.0000000000000000     
  0.36500000953674316        1.0000000000000000       0.20000000000000001        1.0000000000000000     
  0.37000000476837158        1.0000000000000000       0.20000000000000001        1.0000000000000000     
  0.37500000000000000        1.0000000000000000       0.20000000000000001        1.0000000000000000     
  0.37999999523162842        1.0000000000000000       0.20000000000000001        1.0000000000000000     
  0.38499999046325684        1.0000000000000000       0.20000000000000001        1.0000000000000000     
  0.38999998569488525        1.0000000000000000       0.20000000000000001        1.0000000000000000     
  0.39499998092651367        1.0000000000000000       0.20000000000000001        1.0000000000000000     
  0.39999997615814209        1.0000000000000000       0.20000000000000001        1.0000000000000000     
  0.40499997138977051        1.0000000000000000       0.20000000000000001        1.0000000000000000     
  0.40999996662139893        1.0000000000000000       0.20000000000000001        1.0000000000000000     
  0.41499996185302734        1.0000000000000000       0.20000000000000001        1.0000000000000000     
  0.41999995708465576        1.0000000000000000       0.20000000000000001        1.0000000000000000     
  0.42499995231628418        1.0000000000000000       0.20000000000000001        1.0000000000000000     
  0.43000000715255737        1.0000000000000000       0.20000000000000001        1.0000000000000000     
  0.43500000238418579        1.0000000000000000       0.20000000000000001        1.0000000000000000     
  0.43999999761581421        1.0000000000000000       0.20000000000000001        1.0000000000000000     
  0.44499999284744263        1.0000000000000000       0.20000000000000001        1.0000000000000000     
  0.44999998807907104        1.0000000000000000       0.20000000000000001        1.0000000000000000     
  0.45499998331069946        1.0000000000000000       0.20000000000000001        1.0000000000000000     
  0.45999997854232788        1.0000000000000000       0.20000000000000001        1.0000000000000000     
  0.46499997377395630        1.0000000000000000       0.20000000000000001        1.0000000000000000     
  0.46999996900558472        1.0000000000000000       0.20000000000000001        1.0000000000000000     
  0.47499996423721313        1.0000000000000000       0.20000000000000001        1.0000000000000000     
  0.47999995946884155        1.0000000000000000       0.20000000000000001        1.0000000000000000     
  0.48499995470046997        1.0000000000000000       0.20000000000000001        1.0000000000000000     
  0.48999994993209839        1.0000000000000000       0.20000000000000001        1.0000000000000000     
  0.49500000476837158        1.0000000000000000       0.20000000000000001        1.0000000000000000     
  0.50000000000000000        1.0000000000000000       0.20000000000000001        1.0000000000000000     
